80
77
61
9
42
24
41
55
78
76
5
16
39
44
41
47
11
75
17
70
77
40
76
39
38
80
52
53
74
76
63
23
3
14
38
71
14
24
16
21
15
12
40
64
66
75
15
51
2
36
78
3
27
41
10
32
45
73
55
24
38
19
13
60
72
5
18
25
59
18
56
14
57
16
63
54
5
34
12
36
65
15
1
23
19
19
22
73
26
75
29
22
44
52
44
41
60
44
25
51
10
66
67
28
15
47
47
62
43
17
80
33
65
72
75
31
79
69
9
40
62
52
46
18
5
9
78
50
37
34
10
14
31
66
57
33
44
17
7
30
23
70
43
5
19
67
38
53
48
69
20
54
73
54
76
3
25
12
8
38
3
35
48
68
75
70
57
42
7
46
80
49
49
18
19
31
19
7
71
50
40
35
30
39
12
2
48
65
60
76
12
47
10
38
35
77
49
4
26
54
26
71
76
73
49
38
36
74
51
26
4
49
38
52
55
75
35
55
68
63
74
2
55
29
76
33
70
76
35
79
16
19
19
41
48
28
78
50
4
13
50
2
70
66
25
29
36
31
15
39
33
61
42
49
5
77
58
36
23
3
11
16
22
15
35
65
64
30
22
54
75
14
26
46
51
72
45
15
11
30
53
9
12
7
32
39
4
68
21
79
20
30
5
10
60
64
7
29
15
57
38
24
40
4
65
33
14
64
56
10
18
27
55
56
15
2
68
11
71
63
12
12
47
73
43
11
36
5
2
41
22
17
55
60
35
73
48
37
25
60
44
20
36
13
47
23
66
20
55
13
11
13
76
21
73
46
11
20
51
58
38
43
69
12
43
61
79
33
53
51
27
18
6
79
5
33
5
12
58
57
62
45
33
3
59
53
50
59
9
75
31
9
23
54
15
58
18
10
21
8
63
64
39
24
10
66
42
36
20
19
34
19
79
58
2
27
42
37
35
31
39
26
68
75
36
72
30
30
52
46
54
16
10
71
26
24
21
30
54
78
25
74
26
40
67
20
60
41
33
58
76
19
51
1
36
22
4
14
55
35
70
57
32
1
74
6
57
65
26
65
36
8
75
50
27
53
53
13
56
22
27
2
59
35
71
36
11
14
58
45
43
50
3
28
52
72
31
28
66
14
